R1=100;
R4=100;

R2=101;
R3=101;
Rf=100*10^3;

G=Rf/((R1*R2)/(R1+R2)+(R3*R4)/(R3+R4))